LETTER ANALYSIS: 
Letter	Freq  	Freq% 	AvFreq%	Diff  
A         	1    		3.7  		8.2		-4.5
B         	0    		0.0  		1.5		-1.5
C         	0    		0.0  		2.8		-2.8
D         	0    		0.0  		4.3		-4.3
E         	3    		11.1 		12.7		-1.6
F         	0    		0.0  		2.2		-2.2
G         	1    		3.7  		2.0		1.7
H         	1    		3.7  		6.1		-2.4
I         	2    		7.4  		7.0		0.4
J         	1    		3.7  		0.2		3.5
K         	0    		0.0  		0.8		-0.8
L         	1    		3.7  		4.0		-0.3
M         	0    		0.0  		2.4		-2.4
N         	2    		7.4  		6.7		0.7
O         	2    		7.4  		7.5		-0.1
P         	0    		0.0  		1.9		-1.9
Q         	0    		0.0  		0.1		-0.1
R         	1    		3.7  		6.0		-2.3
S         	5    		18.5 		6.3		12.2
T         	6    		22.2 		9.1		13.1
U         	1    		3.7  		2.8		0.9
V         	0    		0.0  		1.0		-1.0
W         	0    		0.0  		2.4		-2.4
X         	0    		0.0  		0.2		-0.2
Y         	0    		0.0  		2.0		-2.0
Z         	0    		0.0  		0.1		-0.1
The most frequent letter is T at 22.2 